0 0.2557290625 0.8425923611111111 0.34375 0.5474534722222222 0.2703125 0.5555555555555556 0.1692709375 0.8275465277777777
0 0.2598959375 0.8530090277777779 0.365625 0.8761576388888889 0.434375 0.5405090277777778 0.3484375 0.5520833333333334
0 0.36927093749999995 0.8969909722222221 0.5885415625 0.9375 0.6015625 0.6446756944444444 0.4192709375 0.64351875
0 0.45520843749999995 0.46296319444444445 0.42083343749999996 0.6342590277777778 0.6020834374999999 0.6342590277777778 0.6088540625000001 0.44328680555555555
0 0.5328125 0.28009236111111113 0.5010415625 0.4525465277777778 0.6088540625000001 0.4351854166666667 0.6182290625 0.2569444444444444
0 0.40729156250000004 0.4699076388888889 0.4994790625 0.4537034722222222 0.5302084375 0.28125 0.4536459375 0.3020833333333333
0 0.32239593749999995 0.4236111111111111 0.42291656250000004 0.4027777777777778 0.4526040625 0.2986111111111111 0.359375 0.32870347222222224
0 0.3864584375 0.5393520833333334 0.421875 0.4074076388888889 0.31875 0.42592569444444445 0.275 0.5474534722222222
0 0.7244790625 0.2546298611111111 0.8052084374999999 0.2407409722222222 0.8223959375 0.37962986111111113 0.7260415625000001 0.3900465277777778
0 0.721875 0.40046319444444445 0.8171875 0.3888888888888889 0.8432290625000001 0.5960645833333333 0.7260415625000001 0.5902777777777778
0 0.7286459375 0.6006944444444444 0.8484375 0.6030090277777778 0.896875 0.9432868055555557 0.740625 0.8888888888888888
0 0.8213540625 0.3923611111111111 0.8515625 0.5995368055555556 0.9996875 0.6018520833333334 0.9354165625 0.3715277777777778
0 0.8088540625 0.24421319444444442 0.8265625 0.3819444444444444 0.940625 0.36921319444444445 0.8979165625000001 0.2233798611111111
0 0.9427084375 0.3611111111111111 0.9 0.21990763888888887 0.9996875 0.19328680555555558 0.9996875 0.35648124999999997
0 0.940625 0.3726854166666667 0.9996875 0.5879631944444444 0.996875 0.36342569444444445
0 0.85625 0.6168979166666666 0.9026040625 0.9594909722222221 0.9996875 0.9861111111111112 0.9996875 0.6145833333333334