0 0.18382352941176472 0.6274038461538461 0.3492647058823529 0.6237980769230769 0.33304498269896193 0.7992788461538461 0.14922145328719724 0.8076923076923077
0 0.1513840830449827 0.8185096153846154 0.3368295847750865 0.8100961538461539 0.32006920415224915 0.9995192307692308 0.11786332179930796 0.9995192307692308
0 0.3373702422145329 0.7956730769230769 0.350886678200692 0.6274038461538461 0.5055147058823529 0.6201923076923077 0.511461937716263 0.7824519230769231
0 0.5022707612456747 0.49278846153846156 0.511461937716263 0.6983173076923077 0.6179714532871973 0.6983173076923077 0.5936418685121108 0.4879807692307692
0 0.5130839100346021 0.7139423076923077 0.61905276816609 0.7055288461538461 0.6547361591695502 0.9995192307692308 0.5249783737024222 0.9975961538461539
0 0.5979671280276817 0.49038461538461536 0.6239186851211073 0.6983173076923077 0.7298875432525952 0.7007211538461539 0.683931660899654 0.49158653846153844
0 0.6217560553633218 0.7103365384615384 0.6563581314878892 0.9995192307692308 0.7877378892733564 0.9963942307692307 0.7261029411764706 0.7055288461538461
0 0.49902681660899656 0.3088942307692308 0.495242214532872 0.18629807692307693 0.5741782006920415 0.1875 0.5871539792387543 0.3173076923076923
0 0.5779628027681661 0.19230769230769232 0.5893166089965398 0.3173076923076923 0.6817690311418685 0.32572115384615385 0.6536548442906575 0.1935096153846154
0 0.3616998269896194 0.2644230769230769 0.35196799307958476 0.3762019230769231 0.4979455017301038 0.3786057692307692 0.4936202422145329 0.2692307692307692
0 0.21247837370242215 0.26802884615384615 0.18923010380622837 0.3786057692307692 0.3454801038062284 0.36538461538461536 0.3530493079584775 0.26802884615384615
0 0.2492430795847751 0.16826923076923078 0.22221020761245674 0.24879807692307693 0.3595371972318339 0.2608173076923077 0.36980968858131485 0.1814903846153846
0 0.18274221453287198 0.6225961538461539 0.20599048442906576 0.49759615384615385 0.3076340830449827 0.484375 0.29249567474048443 0.6189903846153846
0 0.3125 0.4879807692307692 0.40603373702422146 0.49038461538461536 0.4054930795847751 0.6153846153846154 0.296280276816609 0.6189903846153846
0 0.5444420415224913 0.4338942307692308 0.5493079584775087 0.4891826923076923 0.6823096885813149 0.49038461538461536 0.6704152249134948 0.4326923076923077
0 0.4984861591695502 0.49038461538461536 0.545523356401384 0.4879807692307692 0.5411980968858131 0.4266826923076923 0.4995674740484429 0.4254807692307692