0 0.3067709375 0.2233798611111111 0.3697915625 0.22453680555555558 0.36927093749999995 0.29629652777777776 0.2979165625 0.29629652777777776
0 0.2828125 0.3912034722222222 0.3640625 0.3854166666666667 0.36510406250000005 0.4976854166666667 0.2703125 0.5046298611111111
0 0.2572915625 0.6608798611111111 0.2713540625 0.5104166666666666 0.3645834375 0.5023145833333333 0.36510406250000005 0.6458333333333334
0 0.2572915625 0.6701388888888888 0.36875 0.6550923611111111 0.36927093749999995 0.8495368055555557 0.2369790625 0.8842590277777779 0.2588540625 0.6817131944444444
0 0.3697915625 0.5138888888888888 0.3708334375 0.6597222222222222 0.471875 0.6400465277777778 0.4567709375 0.5
0 0.3713540625 0.6724534722222222 0.3734375 0.875 0.4916665625 0.8472222222222222 0.4723959375 0.6550923611111111 0.36927093749999995 0.6655090277777778
0 0.478125 0.6550923611111111 0.49427093749999995 0.8460645833333333 0.5994790625 0.8159722222222222 0.5671875 0.6365743055555556
0 0.4609375 0.5023145833333333 0.47447906250000005 0.6412034722222222 0.5661459375 0.6238423611111111 0.540625 0.49074097222222224
0 0.3677084375 0.3923611111111111 0.36875 0.5034722222222222 0.4557290625 0.49189791666666666 0.4447915625 0.3888888888888889
0 0.36875 0.29976875 0.36822906250000004 0.38773124999999997 0.446875 0.3773145833333333 0.4375 0.29282430555555555
0 0.4484375 0.3888888888888889 0.4583334375 0.49537013888888887 0.5380209375 0.4826388888888889 0.5203125 0.38310208333333334
0 0.4416665625 0.29745347222222224 0.4489584375 0.3784722222222222 0.5197915625 0.3773145833333333 0.5046875 0.29629652777777776
0 0.5453125 0.49074097222222224 0.6166665625000001 0.48148124999999997 0.6505209375 0.60648125 0.5692709375 0.6238423611111111
0 0.5703125 0.6342590277777778 0.6036459375 0.8171298611111111 0.6515625 0.7962965277777777 0.6578125 0.7743055555555556 0.684375 0.7453701388888889 0.6515625 0.6157409722222222
0 0.6546875 0.60648125 0.6213540625 0.4826388888888889 0.6885415625 0.4710645833333333 0.7296875 0.5891201388888889
0 0.5255209375 0.3819444444444444 0.54375 0.4861111111111111 0.6166665625000001 0.47453680555555555 0.590625 0.37962986111111113
0 0.5942709374999999 0.37962986111111113 0.6213540625 0.47453680555555555 0.6875 0.4652777777777778 0.6567709374999999 0.3726854166666667
0 0.5083334374999999 0.2986111111111111 0.5239584374999999 0.3761576388888889 0.5885415625 0.3726854166666667 0.5703125 0.29398125
0 0.575 0.29629652777777776 0.59375 0.375 0.653125 0.3680555555555556 0.6286459375 0.29398125
0 0.5552084374999999 0.2280090277777778 0.5729165625 0.2916666666666667 0.6244790625000001 0.28703680555555555 0.6052084375 0.22453680555555558
0 0.4984375 0.22569444444444445 0.5088540625 0.29282430555555555 0.56875 0.28703680555555555 0.5510415625 0.2233798611111111
0 0.37395843749999996 0.2233798611111111 0.37395843749999996 0.29282430555555555 0.4416665625 0.2916666666666667 0.4338540625 0.2233798611111111
0 0.43854156250000004 0.22453680555555558 0.446875 0.2893520833333333 0.50625 0.2893520833333333 0.49375 0.22453680555555558
0 0.753125 0.28125 0.8005209375 0.3773145833333333 0.8979165625000001 0.36921319444444445 0.8395834375 0.27893541666666666
0 0.7473959375 0.2731479166666667 0.7072915625 0.20023125000000003 0.7911459375 0.2048611111111111 0.8375 0.2743055555555556
0 0.8651040625 0.31481458333333334 0.9171875 0.31134236111111113 0.840625 0.20254652777777776 0.7927084375 0.20370347222222224
0 0.8973959375 0.3206020833333333 0.965625 0.4224534722222222 0.9996875 0.4166666666666667 0.9996875 0.35648124999999997 0.9786459375 0.3217590277777778 0.971875 0.3171298611111111
0 0 0.5069444444444444 0.1354165625 0.44675902777777776 0.1286459375 0.37037013888888887 0.0015625 0.4201388888888889 0 0.5023145833333333
0 0.0010415625 0.7673611111111112 0.10572906250000001 0.7453701388888889 0.1317709375 0.6215277777777778 0.125 0.6168979166666666 0 0.6342590277777778
0 0 0.9363423611111111 0.0755209375 0.9178243055555555 0.1078125 0.7523145833333333 0 0.7719909722222221
0 0.034375 0.4050923611111111 0.078125 0.29398125 0.13854156250000002 0.2986111111111111 0.1114584375 0.3773145833333333
0 0.14010406250000002 0.4212965277777778 0.1666665625 0.4224534722222222 0.19375 0.30092569444444445 0.1359375 0.30092569444444445 0.11354156250000001 0.3715277777777778 0.13229156250000002 0.3680555555555556
0 0.803125 0.38310208333333334 0.86875 0.5046298611111111 0.8822915625000001 0.4722222222222222 0.8927084375 0.4675923611111111 0.9145834374999999 0.4710645833333333 0.9234375 0.47453680555555555 0.9104165625 0.44675902777777776 0.8885415625 0.4085645833333333 0.871875 0.3784722222222222